A[0]=0.414062
B[0]=0.237915

===== A =====
[[ 0.4141,  0.8013,  0.5103,  0.1733, -0.2042, -0.8613,  0.4648,  0.1383,  0.3000, -0.0425,  0.6226,  0.6704, -0.1820,  0.5820,  0.2358,  0.9141],
 [-0.6147, -0.2954, -0.3291, -0.9194,  0.6885, -0.5342,  0.7661, -0.3286,  0.2708,  0.8594,  0.7104, -0.4014, -0.7681, -0.5283,  0.1050, -0.8569],
 [ 0.7212, -0.0859,  0.7168, -0.0602, -0.4265,  0.9854,  0.3994, -0.0711, -0.0839,  0.2622, -0.1406, -0.5620, -0.3413, -0.0439,  0.2209, -0.7261],
 [ 0.6553, -0.6758,  0.6577, -0.5303,  0.4395, -0.3948,  0.8354,  0.7300,  0.0557,  0.8574,  0.4805,  0.6187,  0.3315, -0.5723,  0.5840, -0.8027],
 [-0.9546,  0.7329, -0.8115,  0.4116, -0.5132, -0.4946,  0.6812,  0.9243,  0.6860, -0.7437, -0.3318, -0.9482,  0.7026, -0.3271,  0.5879,  0.4709],
 [-0.0104, -0.7529,  0.6582,  0.7637, -0.4500, -0.8462,  0.7432, -0.0841, -0.5195, -0.2061,  0.2285, -0.3547, -0.5923,  0.0923, -0.8838,  0.6831],
 [-0.8188,  0.4009, -0.3796,  0.9600,  0.3770, -0.7930,  0.3215, -0.6919,  0.2766, -0.3030, -0.8662,  0.3450,  0.2069, -0.4287,  0.7876, -0.3896],
 [ 0.1058, -0.0578, -0.0240,  0.9111,  0.8755, -0.9307,  0.0125,  0.9829,  0.6387, -0.7046,  0.6768,  0.2600,  0.6504, -0.5078,  0.9634,  0.4990],
 [ 0.3704, -0.7837,  0.9277,  0.4561,  0.1560,  0.2302,  0.0417, -0.1913, -0.7080, -0.3076, -0.2944, -0.8809, -0.7007, -0.5620,  0.7588, -0.0009],
 [-0.0693,  0.6294, -0.2998,  0.6763, -0.9258, -0.0595,  0.5151, -0.8608,  0.2300, -0.5044, -0.9600,  0.1996,  0.5015, -0.1622,  0.5503,  0.6802],
 [ 0.8560, -0.0250, -0.2074, -0.8115,  0.1365, -0.1268, -0.7520,  0.5889, -0.8301,  0.1322, -0.8374, -0.8862,  0.9985,  0.7930, -0.7212, -0.3298],
 [-0.8062, -0.5215,  0.7461, -0.9805,  0.0837, -0.0812, -0.8745, -0.8652, -0.2047,  0.1001, -0.7681,  0.8828,  0.4846, -0.9346,  0.2905, -0.5508],
 [-0.0291,  0.6689, -0.3401,  0.9492, -0.2438,  0.3513, -0.0791,  0.3215, -0.8564,  0.9087, -0.4910, -0.3401,  0.3013,  0.2603,  0.2886, -0.2432],
 [-0.0435, -0.1068, -0.7935, -0.9751,  0.5825, -0.6279, -0.2603,  0.7036, -0.4739,  0.3347, -0.7524, -0.5264, -0.1276,  0.5376, -0.0923, -0.5430],
 [ 0.4417,  0.3923, -0.1730, -0.9585,  0.3137,  0.8701,  0.8018, -0.4922, -0.9199,  0.9546, -0.3403,  0.0647, -0.9351,  0.2769, -0.5220, -0.6895],
 [ 0.6929,  0.8057, -0.7891, -0.3528,  0.8394, -0.9312,  0.5762, -0.4709, -0.7085,  0.4788, -0.7188, -0.6938,  0.9473,  0.0810, -0.0018, -0.6245]]

===== B =====
[[ 0.2379, -0.8042,  0.3877, -0.9326, -0.4624,  0.4106, -0.2299,  0.5166],
 [-0.1064, -0.4114, -0.7627,  0.8101, -0.5332, -0.9155, -0.5679,  0.3293],
 [ 0.9331,  0.8965,  0.5986, -0.2383, -0.7935, -0.9473,  0.8872,  0.4456],
 [ 0.3125,  0.3740,  0.9106,  0.4949, -0.0412, -0.7407, -0.1675, -0.3552],
 [ 0.5776,  0.9028,  0.9336, -0.6738, -0.5825,  0.0171,  0.2908,  0.5781],
 [ 0.1146, -0.0476, -0.5244, -0.1110,  0.8613,  0.4009,  0.8223,  0.0447],
 [ 0.4700, -0.9028,  0.6152,  0.5122,  0.1792, -0.1962, -0.4119, -0.8101],
 [-0.0907, -0.0560,  0.4219,  0.5913,  0.1215, -0.0411, -0.1453,  0.1858],
 [ 0.2434,  0.4949,  0.4697,  0.5381, -0.9023, -0.1619, -0.5112,  0.2576],
 [-0.6240,  0.6670, -0.7358,  0.4404, -0.7881,  0.5767,  0.8516, -0.6729],
 [-0.1082, -0.3176,  0.6182, -0.7920, -0.1298,  0.9893, -0.5049, -0.5962],
 [ 0.8467,  0.2001, -0.7061, -0.7661, -0.6787, -0.2216,  0.7622, -0.5532],
 [-0.2064, -0.1342, -0.3135,  0.2832, -0.2134,  0.5254, -0.3220, -0.1807],
 [ 0.0460, -0.1888, -0.6743, -0.5342,  0.4690, -0.1479, -0.2081,  0.6689],
 [-0.9736,  0.9551, -0.4282,  0.9106, -0.5034, -0.7319,  0.5356,  0.5298],
 [ 0.7388,  0.2756, -0.9731, -0.8232, -0.8574,  0.5557, -0.9033, -0.6533]]

===== C (Tensor Core FP16 accumulate) =====
[[-1.0195,  3.0098,  1.5889,  0.4265,  0.6382, -2.3027, -1.2529,  0.0784],
 [-0.7603,  1.2412, -1.8496, -0.7729, -1.2852,  1.2764, -1.8975,  0.8066],
 [ 0.4587,  0.7002,  1.3408, -0.1553,  1.4434,  2.6328, -0.2297, -0.3235],
 [ 0.7959,  3.2969,  1.2871,  0.6172,  0.1792, -0.1378, -2.3359, -2.4512],
 [-1.6963,  0.1868,  1.4697, -3.0430, -1.2529, -1.0986,  1.4062,  3.6094],
 [ 0.4290,  0.9624, -1.4707,  1.4434, -0.3435, -2.1016, -0.0597,  1.4443],
 [-1.7490, -0.7612, -0.5532, -0.1511,  0.7202, -0.3257,  0.2362,  2.2207],
 [-1.4180,  1.1436,  0.3127,  0.5654, -1.4893, -2.5039, -0.5254, -1.1816],
 [ 0.7363, -1.0225, -0.1394,  1.0703,  1.0752,  2.1230,  0.2666, -1.4092],
 [-0.5596, -0.1031,  1.3643, -0.2734,  0.7144, -0.2415,  1.6172,  1.0811],
 [ 0.2593, -1.3486,  1.8711, -0.9136,  0.2056, -0.3115,  0.9570, -0.1550],
 [ 2.6465, -1.1602,  0.1497,  1.3047,  0.3760,  2.4746,  0.0569, -2.7754],
 [-1.9473, -0.6338,  0.6851, -1.1240,  2.6348, -0.7876,  0.6777,  1.8311],
 [ 0.0830, -1.3174,  0.1639, -1.8760,  0.4675,  0.1333, -0.2815,  1.5459],
 [ 0.7217,  0.2649, -0.2595, -1.0430,  1.1494,  1.3486, -1.0000,  0.2588],
 [-2.5254,  0.5811,  1.1885, -1.2705, -0.3120, -1.3613, -0.1252,  0.9512]]

===== C_ref (Host reference FP32 accumulate → FP16) =====
[[-1.0195,  3.0098,  1.5889,  0.4265,  0.6382, -2.3027, -1.2529,  0.0784],
 [-0.7603,  1.2412, -1.8496, -0.7729, -1.2852,  1.2764, -1.8975,  0.8066],
 [ 0.4587,  0.7002,  1.3408, -0.1553,  1.4434,  2.6328, -0.2297, -0.3235],
 [ 0.7959,  3.2969,  1.2871,  0.6172,  0.1792, -0.1378, -2.3359, -2.4512],
 [-1.6963,  0.1868,  1.4697, -3.0430, -1.2529, -1.0986,  1.4062,  3.6094],
 [ 0.4290,  0.9624, -1.4707,  1.4434, -0.3435, -2.1016, -0.0597,  1.4443],
 [-1.7490, -0.7612, -0.5532, -0.1511,  0.7202, -0.3257,  0.2362,  2.2207],
 [-1.4180,  1.1436,  0.3127,  0.5654, -1.4893, -2.5039, -0.5254, -1.1816],
 [ 0.7363, -1.0225, -0.1394,  1.0703,  1.0752,  2.1230,  0.2666, -1.4092],
 [-0.5596, -0.1031,  1.3643, -0.2734,  0.7144, -0.2415,  1.6172,  1.0811],
 [ 0.2593, -1.3486,  1.8711, -0.9136,  0.2056, -0.3115,  0.9570, -0.1550],
 [ 2.6465, -1.1602,  0.1497,  1.3047,  0.3760,  2.4746,  0.0569, -2.7754],
 [-1.9473, -0.6338,  0.6851, -1.1240,  2.6348, -0.7876,  0.6777,  1.8311],
 [ 0.0830, -1.3174,  0.1639, -1.8760,  0.4675,  0.1333, -0.2815,  1.5459],
 [ 0.7217,  0.2649, -0.2595, -1.0430,  1.1494,  1.3486, -1.0000,  0.2588],
 [-2.5254,  0.5811,  1.1885, -1.2705, -0.3120, -1.3613, -0.1252,  0.9512]]

===== VERIFICATION =====
Max abs error: 0.000000
Max rel error: 0.000000
Mismatches (>5e-2): 0 / 128
