[1/2] /usr/local/cuda/bin/nvcc --generate-dependencies-with-compile --dependency-output export.cuda.o.d -DTORCH_EXTENSION_NAME=attention_warp -DTORCH_API_INCLUDE_EXTENSION_H -isystem /root/theCudaBender/.venv/lib/python3.12/site-packages/torch/include -isystem /root/theCudaBender/.venv/lib/python3.12/site-packages/torch/include/torch/csrc/api/include -isystem /usr/local/cuda/include -isystem /venv/main/include/python3.12 -D__CUDA_NO_HALF_OPERATORS__ -D__CUDA_NO_HALF_CONVERSIONS__ -D__CUDA_NO_BFLOAT16_CONVERSIONS__ -D__CUDA_NO_HALF2_OPERATORS__ --expt-relaxed-constexpr --compiler-options '-fPIC' -arch=sm_120 -O3 --use_fast_math -std=c++17 -c /root/theCudaBender/attention_V4/export.cu -o export.cuda.o 
[2/2] c++ export.cuda.o -shared -lcuda -L/root/theCudaBender/.venv/lib/python3.12/site-packages/torch/lib -lc10 -lc10_cuda -ltorch_cpu -ltorch_cuda -ltorch -ltorch_python -L/usr/local/cuda/lib64 -lcudart -o attention_warp.so
BH=32, LQ=8192, D=128, LK=4096
Max abs error: 0.08455291390419006
Mean abs error: 3.7636960769305006e-05
>0.001: 16092
>0.01: 7591
>0.05: 73
>0.1: 0

==== elements > 1e-3 ====
count: 16092
sample coordinates (BH, LQ, D):
tensor([[  0, 818,   0],
        [  0, 818,   1],
        [  0, 818,   2],
        [  0, 818,   3],
        [  0, 818,   4],
        [  0, 818,   5],
        [  0, 818,   6],
        [  0, 818,   7],
        [  0, 818,   9],
        [  0, 818,  10]], device='cuda:0')
BH range: 0 31
LQ range: 307 7998
D range: 0 127

==== elements > 1e-2 ====
count: 7591
sample coordinates (BH, LQ, D):
tensor([[  0, 818,   0],
        [  0, 818,   1],
        [  0, 818,   3],
        [  0, 818,   4],
        [  0, 818,   5],
        [  0, 818,   9],
        [  0, 818,  10],
        [  0, 818,  12],
        [  0, 818,  14],
        [  0, 818,  15]], device='cuda:0')
BH range: 0 31
LQ range: 307 7998
D range: 0 127

==== elements > 5e-2 ====
count: 73
sample coordinates (BH, LQ, D):
tensor([[   0,  818,   12],
        [   6, 6207,    0],
        [   6, 6207,   32],
        [   6, 6207,   44],
        [   6, 6207,   81],
        [   7, 2355,   67],
        [   7, 2357,   13],
        [   7, 2357,   17],
        [   7, 2357,   93],
        [   7, 7731,   35]], device='cuda:0')
BH range: 0 30
LQ range: 818 7998
D range: 0 125
Max abs error: 0.0657990425825119
Mean abs error: 3.4988617699127644e-05
tensor([1.1211e-04, 2.9601e-05, 3.8892e-05, 3.9449e-05, 1.0971e-05, 3.6919e-05,
        3.2124e-05, 1.5162e-05, 4.4744e-05, 7.7510e-05, 4.7311e-06, 1.9064e-05,
        6.5265e-05, 4.4219e-05, 2.7461e-05, 1.0297e-05, 1.9930e-07, 1.5949e-05,
        4.7583e-05, 7.5530e-05, 6.1505e-06, 1.0360e-05, 1.9740e-05, 3.1848e-05,
        2.3558e-05, 5.9594e-05, 2.8413e-05, 2.7630e-05, 5.2899e-05, 5.2804e-05,
        3.2264e-05, 4.2049e-05, 1.5380e-05, 2.3388e-05, 1.5570e-05, 2.2498e-05,
        4.3418e-05, 3.9991e-06, 1.9267e-05, 3.7258e-05, 4.8019e-06, 2.4654e-05,
        6.5657e-05, 1.7996e-05, 4.1407e-05, 3.2233e-06, 3.0577e-05, 4.5450e-05,
        5.6121e-06, 3.1879e-05, 2.7459e-05, 1.3290e-05, 2.6120e-05, 3.2921e-05,
        4.0946e-05, 7.3734e-06, 3.2205e-06, 5.0623e-05, 5.8003e-06, 5.1148e-05,
        5.9828e-06, 9.1530e-06, 2.9997e-05, 5.6541e-06, 3.6797e-05, 1.9161e-05,
        5.4292e-05, 6.0429e-05, 1.0350e-05, 4.3595e-05, 1.7875e-05, 2.9823e-05,
        5.6559e-06, 2.4509e-05, 3.0529e-05, 3.2593e-05, 3.4994e-05, 1.2454e-05,
        6.0931e-05, 3.3826e-05, 1.6710e-05, 3.7137e-05, 2.1074e-05, 7.8190e-05,
        2.9910e-05, 8.7623e-06, 7.1863e-05, 2.3102e-05, 4.0430e-05, 6.2946e-05,
        7.5823e-05, 2.3565e-05, 3.8125e-05, 1.8098e-05, 1.9794e-05, 1.3390e-05,
        2.4959e-05, 1.3066e-05, 9.4648e-05, 9.0934e-06], device='cuda:0')
Max abs error: 0.08515935391187668
Mean abs error: 3.6225268559064716e-05
tensor([5.2731e-05, 5.6679e-05, 2.7940e-07, 7.4501e-06, 5.3788e-05, 5.2676e-05,
        2.0526e-05, 2.6223e-05, 2.9348e-05, 2.5500e-05, 1.1846e-06, 3.3423e-05,
        6.4831e-05, 2.4390e-05, 5.1605e-06, 8.7004e-06, 1.0332e-05, 6.2189e-05,
        1.8887e-05, 3.5739e-05, 7.5635e-05, 9.1009e-06, 8.1556e-06, 1.9567e-05,
        1.1798e-05, 4.2673e-05, 2.3127e-05, 1.7345e-05, 1.0624e-05, 5.0208e-06,
        6.4343e-05, 3.9279e-05, 6.0881e-06, 5.9922e-05, 3.4140e-05, 3.7686e-05,
        2.9514e-05, 1.6723e-05, 5.2368e-06, 7.6488e-05, 5.6770e-05, 3.3118e-06,
        1.5996e-05, 2.7223e-05, 7.4554e-05, 4.6175e-06, 6.3703e-05, 4.9039e-05,
        1.7609e-05, 3.1018e-05, 4.2435e-05, 3.4990e-05, 4.8436e-05, 6.1311e-05,
        5.5551e-05, 2.1560e-05, 7.7298e-05, 6.3318e-05, 8.3354e-05, 2.2931e-05,
        2.5604e-05, 2.2185e-06, 1.3693e-05, 8.2105e-06, 8.7172e-07, 4.0652e-06,
        4.0209e-05, 4.1751e-05, 2.2259e-07, 5.7105e-05, 6.9463e-05, 9.3738e-06,
        7.8538e-06, 1.2899e-07, 1.1334e-05, 1.3705e-05, 2.0008e-06, 3.4440e-06,
        1.9670e-06, 6.9290e-06, 3.5852e-05, 6.5714e-06, 1.2867e-05, 1.8050e-05,
        5.7174e-05, 4.2990e-06, 5.3843e-05, 3.5248e-05, 2.8702e-05, 1.6764e-05,
        6.3123e-05, 3.5753e-05, 2.3678e-05, 3.3185e-05, 1.6645e-05, 9.1705e-05,
        4.1507e-05, 2.6151e-05, 3.1255e-05, 8.7909e-05], device='cuda:0')
Max abs error: 0.09974037110805511
Mean abs error: 3.595920861698687e-05
tensor([2.1316e-05, 2.8067e-05, 3.6650e-05, 4.0862e-06, 3.2750e-06, 4.4851e-05,
        3.7923e-05, 3.5809e-05, 1.5872e-05, 1.3970e-06, 5.4779e-05, 5.2859e-05,
        2.5270e-05, 7.2516e-05, 2.8625e-05, 8.5965e-05, 1.1127e-05, 1.9052e-05,
        5.7147e-05, 6.6645e-06, 6.6981e-05, 9.2816e-06, 1.3789e-05, 5.7518e-05,
        5.2090e-05, 6.5912e-05, 1.2303e-06, 3.8192e-05, 4.2940e-05, 2.2218e-05,
        4.8660e-05, 6.6939e-06, 4.1562e-05, 5.2003e-05, 3.3254e-05, 8.9072e-06,
        7.2274e-05, 2.9966e-05, 3.5960e-05, 6.6025e-05, 6.6172e-05, 1.5013e-05,
        3.6770e-05, 2.9039e-05, 9.5740e-07, 1.3875e-05, 3.9025e-05, 5.0953e-05,
        4.2630e-05, 1.4868e-05, 7.8701e-06, 8.2414e-05, 5.2322e-05, 1.8142e-05,
        2.3236e-05, 4.3864e-05, 2.7113e-05, 2.2050e-05, 1.4393e-05, 1.1192e-05,
        4.0620e-06, 2.8197e-05, 1.8480e-05, 3.5818e-05, 1.1355e-05, 4.3854e-05,
        6.3609e-06, 7.1397e-05, 5.5914e-06, 4.2338e-05, 2.1428e-05, 2.4590e-05,
        2.6409e-05, 1.6880e-06, 3.0381e-05, 1.8433e-05, 5.5306e-05, 4.4268e-05,
        8.9179e-06, 1.6540e-06, 1.0408e-05, 4.7527e-05, 1.8556e-05, 1.3269e-05,
        2.6377e-05, 3.5912e-06, 1.6343e-05, 1.8831e-05, 8.6259e-06, 2.5427e-05,
        1.0140e-05, 1.4074e-05, 3.8477e-05, 5.0424e-05, 5.7560e-05, 5.3912e-05,
        2.5246e-05, 3.7752e-05, 1.5087e-05, 3.7849e-06], device='cuda:0')
Max abs error: 0.08636975288391113
Mean abs error: 3.690843004733324e-05
tensor([5.8184e-06, 1.1245e-05, 1.2230e-05, 2.2888e-05, 1.6421e-05, 1.3283e-05,
        7.1188e-05, 8.8494e-06, 5.8170e-06, 4.0777e-05, 1.4336e-05, 1.4994e-05,
        2.9713e-05, 2.7813e-05, 4.3449e-05, 2.2596e-05, 1.2284e-06, 1.8997e-05,
        6.3057e-05, 2.2723e-05, 2.4452e-05, 2.2449e-05, 1.0582e-04, 1.5805e-05,
        6.7079e-05, 3.3058e-05, 1.2573e-06, 9.9568e-06, 3.4105e-05, 8.4666e-05,
        9.0968e-05, 6.0610e-06, 2.5384e-05, 6.9169e-05, 1.5926e-06, 1.0001e-05,
        4.7006e-05, 1.7596e-05, 1.0521e-04, 2.6684e-05, 2.2941e-05, 6.5364e-05,
        8.0975e-06, 3.6318e-05, 2.9332e-05, 1.6719e-05, 1.4797e-05, 8.9407e-06,
        2.5691e-05, 1.7472e-05, 2.6897e-06, 1.8220e-05, 3.8193e-05, 2.2426e-05,
        3.8568e-05, 2.7524e-05, 2.0990e-05, 1.8664e-06, 1.8487e-05, 3.3430e-05,
        7.1026e-05, 1.2778e-06, 3.2061e-05, 1.0993e-06, 1.9183e-05, 9.3114e-06,
        2.8009e-05, 3.1452e-05, 2.2193e-06, 7.2058e-05, 2.0172e-05, 1.2452e-05,
        2.8368e-06, 3.7226e-06, 2.4951e-05, 5.8706e-06, 5.6729e-05, 2.4568e-06,
        3.7944e-05, 2.8960e-05, 4.4402e-05, 2.2545e-05, 1.1969e-05, 7.4506e-09,
        1.1414e-05, 3.9626e-05, 6.3889e-06, 4.2189e-05, 3.4384e-06, 2.6340e-05,
        4.1790e-05, 2.1700e-06, 6.7408e-05, 3.5511e-05, 7.6165e-05, 2.6356e-05,
        4.4581e-05, 2.8078e-05, 1.3296e-05, 5.7649e-06], device='cuda:0')
Max abs error: 0.12420850247144699
Mean abs error: 3.685722913360223e-05
tensor([7.4979e-05, 1.1303e-05, 2.2828e-05, 1.2778e-05, 1.0874e-05, 6.9831e-06,
        1.3215e-06, 1.4909e-05, 1.1809e-05, 1.4395e-05, 8.3889e-05, 2.0674e-05,
        2.9124e-05, 5.4983e-05, 2.2176e-05, 1.4984e-05, 8.0319e-05, 2.4401e-05,
        4.0494e-05, 1.3512e-05, 7.3388e-07, 9.8664e-05, 4.5656e-06, 1.9096e-05,
        2.6781e-05, 5.2750e-06, 1.4558e-05, 1.7509e-06, 5.2380e-05, 6.1542e-06,
        3.9749e-05, 1.6134e-05, 1.1498e-05, 2.7167e-05, 7.9414e-06, 3.5927e-05,
        1.6038e-05, 3.0562e-05, 4.6158e-06, 4.5232e-05, 6.8925e-05, 4.4927e-06,
        2.3123e-05, 1.2624e-06, 1.6876e-06, 5.5555e-05, 5.6997e-05, 2.7939e-05,
        1.6347e-05, 5.2655e-05, 2.4047e-06, 3.5372e-06, 1.9293e-05, 4.1550e-05,
        2.9672e-05, 4.3372e-06, 4.3008e-05, 6.0499e-06, 4.4131e-06, 6.5746e-05,
        3.6411e-05, 1.6097e-05, 4.1414e-05, 2.4989e-05, 3.2078e-05, 4.3265e-06,
        9.1879e-05, 3.9114e-05, 5.6792e-05, 4.8306e-05, 1.5090e-06, 6.3213e-05,
        5.2257e-05, 5.5222e-05, 3.2235e-05, 3.7448e-05, 2.5213e-05, 4.6827e-05,
        2.0808e-05, 3.7385e-05, 1.5055e-05, 2.9039e-05, 3.8305e-05, 4.2462e-05,
        8.3338e-06, 6.5312e-05, 9.4990e-06, 8.9785e-06, 6.2424e-05, 3.0788e-05,
        4.5747e-06, 5.0249e-05, 1.8179e-05, 1.3446e-05, 5.3890e-05, 9.8124e-05,
        5.2758e-05, 2.3292e-05, 1.6273e-05, 6.0849e-05], device='cuda:0')
Max abs error: 0.09928525239229202
Mean abs error: 3.814730735030025e-05
tensor([2.0821e-05, 1.5877e-05, 4.3102e-06, 5.9318e-05, 1.8719e-05, 2.6276e-05,
        5.3477e-06, 1.4449e-05, 7.3574e-06, 1.4083e-05, 3.5543e-05, 2.8447e-05,
        3.4330e-05, 3.8227e-05, 2.7733e-05, 2.8163e-05, 5.4628e-05, 1.7883e-05,
        2.9888e-05, 3.1013e-06, 1.2435e-05, 1.5760e-05, 4.3595e-06, 1.2141e-05,
        1.8049e-06, 1.9863e-05, 6.0411e-05, 9.6895e-06, 7.4163e-05, 6.5796e-05,
        2.5954e-05, 7.1658e-06, 1.7893e-05, 1.5788e-05, 2.6620e-05, 7.4708e-06,
        7.0535e-05, 8.0667e-06, 2.5485e-05, 7.2345e-06, 2.9565e-05, 6.8048e-05,
        9.1851e-05, 1.1198e-05, 5.3386e-05, 3.8784e-05, 5.6997e-07, 2.1785e-05,
        3.3741e-05, 1.4161e-05, 4.0866e-06, 6.3339e-06, 2.5317e-05, 7.8570e-05,
        2.1286e-05, 1.6700e-05, 4.8608e-05, 2.8126e-06, 4.3961e-05, 4.7252e-05,
        3.2844e-05, 6.4990e-05, 3.1429e-05, 5.3849e-06, 2.7912e-06, 1.5441e-05,
        2.8741e-06, 7.8201e-05, 5.8692e-05, 2.6125e-05, 2.0014e-06, 3.1680e-05,
        2.6140e-05, 1.8671e-05, 2.5583e-05, 1.3774e-06, 1.4463e-05, 1.9488e-05,
        1.1500e-05, 3.1387e-05, 4.3273e-05, 2.8978e-05, 3.5181e-06, 5.6289e-05,
        8.3288e-05, 5.7119e-05, 1.4155e-05, 1.4871e-05, 1.9222e-06, 1.6732e-05,
        1.0453e-05, 2.1485e-05, 8.4271e-05, 3.4731e-05, 4.5298e-05, 1.2831e-05,
        1.0114e-06, 3.3456e-05, 2.2218e-05, 2.6619e-05], device='cuda:0')
Max abs error: 0.08553788810968399
Mean abs error: 3.6826364521402866e-05
tensor([3.4548e-05, 1.5356e-05, 1.4484e-06, 7.0311e-05, 6.5640e-06, 2.6503e-05,
        4.4025e-05, 4.3478e-05, 1.5093e-05, 1.7891e-05, 6.0506e-05, 2.5961e-05,
        2.5417e-05, 9.5069e-06, 2.7157e-06, 1.8572e-05, 1.5754e-05, 2.2400e-05,
        8.6642e-06, 2.9210e-05, 1.9354e-05, 8.9580e-05, 7.0706e-06, 4.7460e-05,
        6.7502e-06, 2.0405e-05, 4.8030e-05, 3.5720e-05, 2.7826e-05, 2.9289e-05,
        9.4278e-06, 4.4765e-05, 2.0746e-05, 6.0014e-06, 4.1571e-05, 1.3597e-07,
        3.4882e-05, 2.5166e-05, 8.2566e-06, 3.0559e-05, 2.5868e-05, 4.6976e-06,
        5.2629e-06, 8.6974e-05, 5.1188e-05, 4.8686e-05, 3.2969e-07, 1.9759e-05,
        8.9067e-05, 1.0994e-05, 6.0789e-05, 4.6883e-05, 1.6439e-05, 4.8618e-05,
        1.3313e-05, 3.1371e-05, 6.2717e-05, 4.8338e-05, 3.3705e-05, 6.0893e-06,
        9.4404e-06, 5.2284e-05, 1.1917e-05, 3.3453e-06, 4.4618e-05, 5.8228e-05,
        1.5117e-05, 3.3252e-05, 5.5023e-06, 5.2021e-05, 3.2486e-05, 5.8407e-05,
        8.5607e-05, 4.6310e-05, 8.9083e-05, 1.4666e-05, 1.5769e-05, 9.9447e-06,
        1.8511e-05, 8.8979e-05, 2.5213e-05, 2.1451e-05, 6.5473e-05, 5.1039e-06,
        2.5941e-05, 5.2072e-05, 1.6200e-05, 1.1344e-05, 5.6014e-05, 6.2563e-05,
        2.6912e-05, 4.2018e-05, 4.5869e-05, 7.2392e-06, 1.4570e-05, 1.9863e-05,
        9.3728e-06, 5.1819e-06, 9.0618e-06, 5.0702e-05], device='cuda:0')
Max abs error: 0.07317934930324554
Mean abs error: 3.7693527701776475e-05
tensor([1.0138e-05, 8.4475e-05, 8.2977e-05, 5.2355e-05, 4.2926e-05, 3.7791e-05,
        1.0053e-05, 7.5573e-05, 5.0931e-05, 3.4525e-05, 1.0613e-05, 1.9054e-05,
        4.8670e-05, 7.5385e-05, 2.8713e-06, 3.4241e-05, 2.6021e-06, 5.2767e-05,
        2.6023e-05, 4.2859e-05, 3.1471e-05, 7.4729e-05, 9.6079e-05, 1.0587e-05,
        1.2595e-05, 6.2259e-05, 5.5090e-05, 1.0640e-05, 2.2873e-05, 3.9872e-05,
        5.2623e-05, 9.3572e-05, 4.5169e-05, 1.8669e-05, 2.1555e-05, 1.7171e-05,
        2.9676e-05, 2.2553e-05, 8.5305e-05, 3.0709e-05, 6.1244e-06, 1.9461e-05,
        7.3323e-06, 3.1933e-05, 4.2468e-07, 6.9582e-05, 4.9566e-05, 2.2269e-05,
        5.6639e-05, 1.4037e-05, 1.2038e-05, 5.4445e-05, 7.2293e-05, 3.3513e-05,
        2.8641e-05, 1.1215e-06, 3.1953e-05, 9.9521e-06, 2.1399e-06, 9.8939e-05,
        2.5390e-05, 4.5069e-05, 4.0513e-06, 4.4577e-05, 5.6040e-05, 7.0834e-05,
        2.1655e-05, 2.8064e-05, 3.2783e-06, 3.0873e-07, 1.1111e-04, 3.6281e-05,
        4.6518e-05, 2.5982e-05, 5.7184e-05, 4.0587e-05, 5.2825e-06, 2.2615e-05,
        1.7032e-05, 7.3984e-06, 4.2914e-05, 3.1173e-05, 2.6163e-05, 4.0006e-05,
        4.1138e-05, 1.2696e-05, 2.3507e-06, 2.3689e-05, 2.4498e-05, 3.7920e-05,
        1.7881e-06, 6.3581e-06, 1.2198e-05, 1.6373e-05, 5.9046e-06, 1.7606e-05,
        3.2783e-06, 4.2625e-05, 7.3388e-07, 2.0374e-05], device='cuda:0')
Max abs error: 0.08941767364740372
Mean abs error: 3.5883000236935914e-05
tensor([1.2925e-05, 5.2406e-05, 2.0295e-05, 2.7670e-06, 2.3656e-06, 1.3947e-05,
        1.0206e-05, 4.6628e-05, 5.3450e-05, 6.8517e-05, 3.6402e-05, 3.8050e-05,
        2.0659e-05, 2.4421e-05, 5.7913e-05, 1.5087e-05, 7.3041e-05, 1.0204e-05,
        2.3387e-05, 2.7576e-05, 3.6735e-05, 9.0245e-06, 3.9140e-05, 4.1718e-05,
        3.3248e-06, 2.6699e-05, 7.3382e-05, 7.8079e-05, 5.4136e-05, 3.0756e-05,
        5.9484e-05, 4.6648e-05, 2.5174e-06, 1.4490e-05, 7.7479e-05, 7.0935e-05,
        4.2208e-05, 1.9085e-05, 7.6639e-06, 8.7851e-05, 2.0185e-05, 1.0364e-05,
        2.4103e-06, 2.2922e-05, 1.7985e-05, 2.2501e-06, 8.7097e-06, 4.1153e-05,
        5.1158e-05, 2.6826e-05, 4.8539e-05, 4.5775e-06, 3.0808e-05, 4.7904e-05,
        3.0912e-05, 5.8595e-05, 5.4648e-05, 2.8111e-05, 6.7487e-05, 2.4813e-05,
        2.3847e-05, 2.8295e-05, 1.4868e-05, 4.0918e-06, 8.2720e-06, 5.1331e-05,
        3.1527e-05, 2.1432e-05, 1.8001e-05, 3.9207e-05, 2.3053e-05, 1.4712e-05,
        1.5557e-05, 3.1479e-06, 6.8296e-05, 7.2532e-05, 3.4625e-05, 9.2629e-06,
        4.2345e-05, 6.0508e-05, 4.8740e-05, 4.0594e-05, 1.0556e-05, 4.0542e-05,
        8.2143e-07, 1.7241e-05, 4.7706e-05, 3.9650e-06, 2.2113e-05, 6.9290e-07,
        1.4200e-05, 1.0915e-05, 4.1314e-05, 2.0225e-05, 2.2253e-05, 2.6075e-05,
        1.1705e-05, 2.9586e-05, 1.5427e-06, 2.2151e-05], device='cuda:0')
Max abs error: 0.07855873554944992
Mean abs error: 3.713092883117497e-05
tensor([2.5935e-05, 1.5911e-05, 2.1644e-06, 2.9996e-05, 3.4412e-05, 1.3665e-05,
        2.9691e-06, 5.4621e-05, 5.8980e-05, 4.4486e-05, 3.2034e-05, 5.5239e-05,
        3.4977e-05, 2.7232e-06, 3.4447e-06, 9.2629e-06, 1.3728e-05, 5.3716e-05,
        1.3033e-06, 2.3873e-05, 2.0506e-05, 8.1397e-05, 3.3975e-06, 2.9357e-05,
        1.9111e-05, 1.4458e-05, 2.9579e-05, 1.1116e-05, 4.6491e-05, 5.1411e-05,
        1.6997e-05, 1.4180e-05, 1.2668e-05, 1.4600e-05, 1.3936e-05, 6.9533e-06,
        2.5829e-05, 8.1451e-06, 5.2782e-05, 1.3782e-05, 5.0168e-05, 8.1342e-05,
        5.8727e-05, 2.7765e-05, 1.5938e-05, 2.2835e-05, 3.7141e-06, 5.7410e-05,
        1.4875e-05, 1.3437e-05, 4.6469e-05, 2.7705e-05, 4.1467e-05, 6.5557e-05,
        2.4343e-05, 1.4575e-05, 1.1824e-05, 5.3506e-05, 3.8616e-05, 1.8044e-05,
        1.7751e-05, 4.1871e-05, 2.8526e-05, 8.4359e-06, 5.4599e-05, 1.3176e-05,
        4.2820e-05, 2.4382e-05, 5.5798e-05, 3.9427e-05, 2.4088e-05, 1.3195e-05,
        1.3387e-05, 1.5913e-05, 2.0863e-05, 4.6797e-05, 2.7980e-05, 6.9253e-06,
        4.2807e-05, 6.5118e-05, 3.5250e-05, 5.4669e-05, 1.0238e-04, 4.6358e-05,
        7.5621e-06, 1.1809e-06, 2.7617e-05, 3.0102e-05, 2.0478e-05, 2.3901e-05,
        1.3623e-05, 5.9606e-05, 3.8370e-06, 2.8219e-05, 1.3125e-05, 3.2455e-05,
        5.1777e-06, 2.2870e-05, 5.0478e-05, 3.2872e-05], device='cuda:0')
Effective TFLOP/s: 191.05726566786137
