ninja: no work to do.
BH=32, LQ=4096, D=128, LK=8192
Max abs error: 0.150225430727005
Mean abs error: 0.01155877485871315
0 0.150225430727005
tensor([[ 0.0214,  0.0146, -0.0154,  0.0092],
        [ 0.0319,  0.0574,  0.0019,  0.0084],
        [ 0.0128,  0.0249,  0.0175,  0.0067],
        [ 0.0146,  0.0207, -0.0090,  0.0025]], device='cuda:0')
tensor([[ 0.0136,  0.0092,  0.0003,  0.0086],
        [ 0.0158,  0.0124, -0.0009,  0.0143],
        [ 0.0155,  0.0146,  0.0026,  0.0156],
        [ 0.0153,  0.0147,  0.0028,  0.0143]], device='cuda:0')
1 0.11485600471496582
tensor([[-0.0267, -0.0180, -0.0088, -0.0253],
        [-0.0064, -0.0279,  0.0269,  0.0179],
        [ 0.0009, -0.0462,  0.0171, -0.0096],
        [-0.0211, -0.0326, -0.0062, -0.0108]], device='cuda:0')
tensor([[-0.0007, -0.0184,  0.0032,  0.0073],
        [ 0.0015, -0.0170,  0.0107,  0.0094],
        [ 0.0028, -0.0175,  0.0080,  0.0124],
        [ 0.0014, -0.0228,  0.0083,  0.0101]], device='cuda:0')
2 0.09964817762374878
tensor([[ 0.0095, -0.0172,  0.0037,  0.0295],
        [ 0.0308, -0.0362,  0.0063,  0.0308],
        [ 0.0005, -0.0214, -0.0012,  0.0252],
        [ 0.0131, -0.0129,  0.0017,  0.0189]], device='cuda:0')
tensor([[ 1.5829e-02, -2.4883e-02,  8.2785e-04,  1.9440e-02],
        [ 2.4859e-02, -2.6911e-02,  7.9466e-03,  1.0540e-02],
        [ 1.4334e-02, -2.6338e-02, -9.6823e-05,  1.6767e-02],
        [ 1.4458e-02, -2.5800e-02,  7.9057e-04,  1.6353e-02]], device='cuda:0')
3 0.1345362514257431
tensor([[-2.3851e-02,  2.9137e-02, -1.4650e-02, -8.7532e-03],
        [-1.9058e-03,  1.1419e-02, -1.1574e-02,  9.9556e-03],
        [ 3.1795e-02,  1.2063e-02, -3.4298e-02, -1.5500e-02],
        [-1.0517e-02,  3.6198e-02, -5.0622e-03,  2.9530e-05]], device='cuda:0')
tensor([[-0.0123,  0.0060, -0.0064, -0.0017],
        [-0.0114,  0.0012, -0.0055,  0.0004],
        [-0.0099, -0.0005, -0.0017, -0.0030],
        [-0.0115,  0.0043, -0.0025, -0.0018]], device='cuda:0')
4 0.12744274735450745
tensor([[-0.0142,  0.0166, -0.0001,  0.0010],
        [ 0.0178, -0.0055,  0.0168,  0.0175],
        [ 0.0014,  0.0198,  0.0184, -0.0026],
        [ 0.0099,  0.0256,  0.0211, -0.0216]], device='cuda:0')
tensor([[ 0.0043,  0.0078,  0.0063,  0.0142],
        [ 0.0030,  0.0084,  0.0088,  0.0156],
        [ 0.0073,  0.0092,  0.0115,  0.0143],
        [-0.0003,  0.0156,  0.0096,  0.0145]], device='cuda:0')
5 0.1514136642217636
tensor([[-0.0299, -0.0306,  0.0099,  0.0292],
        [-0.0169, -0.0063, -0.0031,  0.0373],
        [ 0.0035,  0.0267,  0.0073,  0.0238],
        [ 0.0065, -0.0147, -0.0132,  0.0368]], device='cuda:0')
tensor([[-0.0062, -0.0120,  0.0012,  0.0253],
        [-0.0052, -0.0099, -0.0044,  0.0275],
        [-0.0037, -0.0102, -0.0038,  0.0266],
        [-0.0035, -0.0085, -0.0042,  0.0262]], device='cuda:0')
6 0.13577711582183838
tensor([[ 3.3875e-03,  1.4207e-02,  4.0913e-03,  2.8194e-02],
        [ 8.8868e-03, -2.2413e-04, -1.3890e-02,  3.1841e-02],
        [ 3.0667e-02, -2.5109e-02, -1.0244e-02,  1.3129e-02],
        [-6.4208e-05, -7.4672e-03,  8.5480e-03,  1.5658e-02]], device='cuda:0')
tensor([[ 0.0127,  0.0033, -0.0021,  0.0181],
        [ 0.0128,  0.0059, -0.0046,  0.0196],
        [ 0.0136,  0.0029, -0.0077,  0.0227],
        [ 0.0120,  0.0062, -0.0056,  0.0194]], device='cuda:0')
7 0.13210824131965637
tensor([[-0.0088,  0.0164, -0.0174,  0.0132],
        [ 0.0246, -0.0109, -0.0147,  0.0094],
        [ 0.0253,  0.0054, -0.0385, -0.0230],
        [ 0.0138,  0.0131,  0.0209, -0.0076]], device='cuda:0')
tensor([[ 0.0182, -0.0010, -0.0128,  0.0028],
        [ 0.0170,  0.0049, -0.0115,  0.0058],
        [ 0.0117, -0.0028, -0.0160,  0.0006],
        [ 0.0179,  0.0029, -0.0111,  0.0039]], device='cuda:0')
8 0.14791657030582428
tensor([[ 0.0017, -0.0222, -0.0096,  0.0357],
        [ 0.0188, -0.0086, -0.0508,  0.0380],
        [-0.0047, -0.0021, -0.0367, -0.0127],
        [-0.0161, -0.0178, -0.0150,  0.0233]], device='cuda:0')
tensor([[ 0.0027, -0.0057, -0.0315,  0.0099],
        [ 0.0022, -0.0038, -0.0268,  0.0065],
        [ 0.0016, -0.0030, -0.0303,  0.0079],
        [ 0.0040, -0.0025, -0.0311,  0.0092]], device='cuda:0')
9 0.11613277345895767
tensor([[ 0.0055, -0.0049, -0.0210, -0.0044],
        [-0.0054,  0.0137,  0.0129,  0.0045],
        [ 0.0065, -0.0472, -0.0146,  0.0041],
        [ 0.0210, -0.0257, -0.0079,  0.0110]], device='cuda:0')
tensor([[-0.0008, -0.0096, -0.0136,  0.0058],
        [ 0.0024, -0.0131, -0.0092,  0.0079],
        [-0.0034, -0.0107, -0.0134,  0.0057],
        [-0.0053, -0.0086, -0.0109,  0.0077]], device='cuda:0')
Effective TFLOP/s: 158.88456059320853
